Coefficients: [9411.97063625]
Intercept: 25939.154670138618
